80
5615
5875
1338
5659
5658
5880
784
5485
3851
4652
3852
3854
5994
5326
3505
5204
853
5324
1207
5444
4637
5144
5031
5030
5134
5303
5301
5483
2227
5202
2021
5832
4255
5719
5745
5269
5511
2079
5091
5090
4237
2027
5966
344
5108
1414
5048
5392
5697
122
1081
2619
2620
342
1080
5026
5027
4964
4956
5820
1025
161
162
142
1299
1505
4951
1466
5895
5340
1455
5776
5372
5421
5001
1451
4061
1447
2629
4213
1489
2630
4062
1474
2628
146
548
2615
4424
510
1493
2528
160
5254
156
2000
5848
5311
171
4082
5584
5623
4161
1823
168
1833
126
4051
1646
2583
1137
2581
4415
4414
4417
2522
2524
4164
3837
1795
2925
509
3897
698
3901
5985
3129
3899
3900
2930
4445
3124
3115
577
3128
5827
5287
2784
619
2786
5866
5865
2791
4534
4535
2961
984
983
4532
3928
588
5661
1314
3952
2722
3948
3949
990
5548
3249
2719
2714
5599
5580
2731
5989
2721
5913
5375
2728
4472
4471
589
5117
5195
5197
5970
5162
5130
5119
5009
3318
3944
3943
1302
5135
1325
1326
5021
1320
5638
5637
5007
1323
1322
1327
81
